1585043231
1585043694
1585044232
1585044669
1585045123
1585045617
1585046054
1585046516
1585046953
1585047398
1585047922
1585048393
1585048844
1585049303
1585049745
1585050208
1585050645
1585051109
1585051690
1585052153
1585052584
1585053043
1585053465
1585053920
1585054383
1585054824
1585055270
1585055732
1585056166
1585056625
1585057073
1585057534
1585057975
1585058462
1585058866
1585059315
1585059739
1585060164
1585060605
1585061079
1585061517
1585061950
1585062415
1585062840
1585063259
1585063698
1585064130
1585064574
1585065038
1585065464
1585065999
1585066475
1585066925
1585067328
1585067747
1585068177
1585068642
1585069071
1585069586
1585070003
1585070438
1585070862
1585071357
1585071710
1585072144
1585072597
1585073135
1585073544
1585073986
